2022/08/08-17:39:34.504005 3eb8 RocksDB version: 5.18.4
2022/08/08-17:39:34.504653 3eb8 Git sha rocksdb_build_git_sha:@b9a4a10659969c71e6f6eab4e4bae8c36ede919f@
2022/08/08-17:39:34.504778 3eb8 Compile date Mar 11 2020
2022/08/08-17:39:34.504921 3eb8 DB SUMMARY
2022/08/08-17:39:34.505481 3eb8 CURRENT file:  CURRENT
2022/08/08-17:39:34.505589 3eb8 IDENTITY file:  IDENTITY
2022/08/08-17:39:34.505759 3eb8 MANIFEST file:  MANIFEST-000006 size: 146 Bytes
2022/08/08-17:39:34.505859 3eb8 SST files in D:\code_space\LearnSpringCloud\HeiMaCourse\cloud-demo\nacos_cluster\nacos1\data\protocol\raft\naming_persistent_service\log dir, Total Num: 0, files: 
2022/08/08-17:39:34.505950 3eb8 Write Ahead Log file in D:\code_space\LearnSpringCloud\HeiMaCourse\cloud-demo\nacos_cluster\nacos1\data\protocol\raft\naming_persistent_service\log: 000007.log size: 0 ; 
2022/08/08-17:39:34.506362 3eb8                         Options.error_if_exists: 0
2022/08/08-17:39:34.506501 3eb8                       Options.create_if_missing: 1
2022/08/08-17:39:34.506560 3eb8                         Options.paranoid_checks: 1
2022/08/08-17:39:34.506601 3eb8                                     Options.env: 0000000000E8D490
2022/08/08-17:39:34.506642 3eb8                                Options.info_log: 0000000026F02940
2022/08/08-17:39:34.506681 3eb8                Options.max_file_opening_threads: 16
2022/08/08-17:39:34.506720 3eb8                              Options.statistics: 0000000026EE80E0
2022/08/08-17:39:34.506760 3eb8                               Options.use_fsync: 0
2022/08/08-17:39:34.506800 3eb8                       Options.max_log_file_size: 0
2022/08/08-17:39:34.506840 3eb8                  Options.max_manifest_file_size: 1073741824
2022/08/08-17:39:34.506883 3eb8                   Options.log_file_time_to_roll: 0
2022/08/08-17:39:34.506927 3eb8                       Options.keep_log_file_num: 1000
2022/08/08-17:39:34.506967 3eb8                    Options.recycle_log_file_num: 0
2022/08/08-17:39:34.507008 3eb8                         Options.allow_fallocate: 1
2022/08/08-17:39:34.507052 3eb8                        Options.allow_mmap_reads: 0
2022/08/08-17:39:34.507101 3eb8                       Options.allow_mmap_writes: 0
2022/08/08-17:39:34.507144 3eb8                        Options.use_direct_reads: 0
2022/08/08-17:39:34.507188 3eb8                        Options.use_direct_io_for_flush_and_compaction: 0
2022/08/08-17:39:34.507231 3eb8          Options.create_missing_column_families: 1
2022/08/08-17:39:34.507268 3eb8                              Options.db_log_dir: 
2022/08/08-17:39:34.507305 3eb8                                 Options.wal_dir: D:\code_space\LearnSpringCloud\HeiMaCourse\cloud-demo\nacos_cluster\nacos1\data\protocol\raft\naming_persistent_service\log
2022/08/08-17:39:34.507348 3eb8                Options.table_cache_numshardbits: 6
2022/08/08-17:39:34.507389 3eb8                      Options.max_subcompactions: 1
2022/08/08-17:39:34.507425 3eb8                  Options.max_background_flushes: 1
2022/08/08-17:39:34.507463 3eb8                         Options.WAL_ttl_seconds: 0
2022/08/08-17:39:34.507500 3eb8                       Options.WAL_size_limit_MB: 0
2022/08/08-17:39:34.507537 3eb8             Options.manifest_preallocation_size: 4194304
2022/08/08-17:39:34.507573 3eb8                     Options.is_fd_close_on_exec: 1
2022/08/08-17:39:34.507609 3eb8                   Options.advise_random_on_open: 1
2022/08/08-17:39:34.507649 3eb8                    Options.db_write_buffer_size: 0
2022/08/08-17:39:34.507689 3eb8                    Options.write_buffer_manager: 0000000026EFE0F0
2022/08/08-17:39:34.507729 3eb8         Options.access_hint_on_compaction_start: 1
2022/08/08-17:39:34.507767 3eb8  Options.new_table_reader_for_compaction_inputs: 0
2022/08/08-17:39:34.507806 3eb8           Options.random_access_max_buffer_size: 1048576
2022/08/08-17:39:34.507841 3eb8                      Options.use_adaptive_mutex: 0
2022/08/08-17:39:34.507881 3eb8                            Options.rate_limiter: 0000000000000000
2022/08/08-17:39:34.507922 3eb8     Options.sst_file_manager.rate_bytes_per_sec: 0
2022/08/08-17:39:34.508083 3eb8                       Options.wal_recovery_mode: 2
2022/08/08-17:39:34.508144 3eb8                  Options.enable_thread_tracking: 0
2022/08/08-17:39:34.508189 3eb8                  Options.enable_pipelined_write: 0
2022/08/08-17:39:34.508229 3eb8         Options.allow_concurrent_memtable_write: 1
2022/08/08-17:39:34.508277 3eb8      Options.enable_write_thread_adaptive_yield: 1
2022/08/08-17:39:34.508319 3eb8             Options.write_thread_max_yield_usec: 100
2022/08/08-17:39:34.508359 3eb8            Options.write_thread_slow_yield_usec: 3
2022/08/08-17:39:34.508397 3eb8                               Options.row_cache: None
2022/08/08-17:39:34.508442 3eb8                              Options.wal_filter: None
2022/08/08-17:39:34.508486 3eb8             Options.avoid_flush_during_recovery: 0
2022/08/08-17:39:34.508529 3eb8             Options.allow_ingest_behind: 0
2022/08/08-17:39:34.508574 3eb8             Options.preserve_deletes: 0
2022/08/08-17:39:34.508613 3eb8             Options.two_write_queues: 0
2022/08/08-17:39:34.508651 3eb8             Options.manual_wal_flush: 0
2022/08/08-17:39:34.508700 3eb8             Options.max_background_jobs: 2
2022/08/08-17:39:34.508736 3eb8             Options.max_background_compactions: 4
2022/08/08-17:39:34.508766 3eb8             Options.avoid_flush_during_shutdown: 0
2022/08/08-17:39:34.508790 3eb8           Options.writable_file_max_buffer_size: 1048576
2022/08/08-17:39:34.508815 3eb8             Options.delayed_write_rate : 16777216
2022/08/08-17:39:34.508839 3eb8             Options.max_total_wal_size: 0
2022/08/08-17:39:34.508863 3eb8             Options.delete_obsolete_files_period_micros: 21600000000
2022/08/08-17:39:34.508888 3eb8                   Options.stats_dump_period_sec: 600
2022/08/08-17:39:34.508913 3eb8                          Options.max_open_files: -1
2022/08/08-17:39:34.508949 3eb8                          Options.bytes_per_sync: 0
2022/08/08-17:39:34.508973 3eb8                      Options.wal_bytes_per_sync: 0
2022/08/08-17:39:34.508997 3eb8       Options.compaction_readahead_size: 0
2022/08/08-17:39:34.509022 3eb8 Compression algorithms supported:
2022/08/08-17:39:34.509047 3eb8 	kZSTD supported: 1
2022/08/08-17:39:34.509072 3eb8 	kSnappyCompression supported: 1
2022/08/08-17:39:34.509097 3eb8 	kBZip2Compression supported: 0
2022/08/08-17:39:34.509121 3eb8 	kZlibCompression supported: 1
2022/08/08-17:39:34.509161 3eb8 	kLZ4Compression supported: 1
2022/08/08-17:39:34.509206 3eb8 	kXpressCompression supported: 0
2022/08/08-17:39:34.509242 3eb8 	kLZ4HCCompression supported: 1
2022/08/08-17:39:34.509280 3eb8 	kZSTDNotFinalCompression supported: 1
2022/08/08-17:39:34.509361 3eb8 Fast CRC32 supported: Supported on x86
2022/08/08-17:39:34.511666 3eb8 [db\version_set.cc:3508] Recovering from manifest file: MANIFEST-000006
2022/08/08-17:39:34.512143 3eb8 [db\column_family.cc:474] --------------- Options for column family [default]:
2022/08/08-17:39:34.512214 3eb8               Options.comparator: leveldb.BytewiseComparator
2022/08/08-17:39:34.512244 3eb8           Options.merge_operator: StringAppendOperator
2022/08/08-17:39:34.512270 3eb8        Options.compaction_filter: None
2022/08/08-17:39:34.512294 3eb8        Options.compaction_filter_factory: None
2022/08/08-17:39:34.512319 3eb8         Options.memtable_factory: SkipListFactory
2022/08/08-17:39:34.512344 3eb8            Options.table_factory: BlockBasedTable
2022/08/08-17:39:34.512610 3eb8            table_factory options:   flush_block_policy_factory: FlushBlockBySizePolicyFactory (0000000000DC6360)
  cache_index_and_filter_blocks: 0
  cache_index_and_filter_blocks_with_high_priority: 1
  pin_l0_filter_and_index_blocks_in_cache: 1
  pin_top_level_index_and_filter: 1
  index_type: 2
  hash_index_allow_collision: 1
  checksum: 1
  no_block_cache: 0
  block_cache: 0000000000E712E0
  block_cache_name: LRUCache
  block_cache_options:
    capacity : 536870912
    num_shard_bits : 8
    strict_capacity_limit : 0
    memory_allocator : None
    high_pri_pool_ratio: 0.000
  block_cache_compressed: 0000000000000000
  persistent_cache: 0000000000000000
  block_size: 4096
  block_size_deviation: 10
  block_restart_interval: 16
  index_block_restart_interval: 1
  metadata_block_size: 8192
  partition_filters: 1
  use_delta_encoding: 1
  filter_policy: nullptr
  whole_key_filtering: 1
  verify_compression: 0
  read_amp_bytes_per_bit: 0
  format_version: 0
  enable_index_compression: 1
  block_align: 0
2022/08/08-17:39:34.512854 3eb8        Options.write_buffer_size: 67108864
2022/08/08-17:39:34.512920 3eb8  Options.max_write_buffer_number: 3
2022/08/08-17:39:34.512953 3eb8          Options.compression: Snappy
2022/08/08-17:39:34.512978 3eb8                  Options.bottommost_compression: Disabled
2022/08/08-17:39:34.513004 3eb8       Options.prefix_extractor: rocksdb.FixedPrefix.8
2022/08/08-17:39:34.513028 3eb8   Options.memtable_insert_with_hint_prefix_extractor: nullptr
2022/08/08-17:39:34.513053 3eb8             Options.num_levels: 7
2022/08/08-17:39:34.513077 3eb8        Options.min_write_buffer_number_to_merge: 1
2022/08/08-17:39:34.513101 3eb8     Options.max_write_buffer_number_to_maintain: 0
2022/08/08-17:39:34.513125 3eb8            Options.bottommost_compression_opts.window_bits: -14
2022/08/08-17:39:34.513149 3eb8                  Options.bottommost_compression_opts.level: 32767
2022/08/08-17:39:34.513174 3eb8               Options.bottommost_compression_opts.strategy: 0
2022/08/08-17:39:34.513199 3eb8         Options.bottommost_compression_opts.max_dict_bytes: 0
2022/08/08-17:39:34.513224 3eb8         Options.bottommost_compression_opts.zstd_max_train_bytes: 0
2022/08/08-17:39:34.513249 3eb8                  Options.bottommost_compression_opts.enabled: false
2022/08/08-17:39:34.513273 3eb8            Options.compression_opts.window_bits: -14
2022/08/08-17:39:34.513298 3eb8                  Options.compression_opts.level: 32767
2022/08/08-17:39:34.513323 3eb8               Options.compression_opts.strategy: 0
2022/08/08-17:39:34.513347 3eb8         Options.compression_opts.max_dict_bytes: 0
2022/08/08-17:39:34.513372 3eb8         Options.compression_opts.zstd_max_train_bytes: 0
2022/08/08-17:39:34.513397 3eb8                  Options.compression_opts.enabled: false
2022/08/08-17:39:34.513421 3eb8      Options.level0_file_num_compaction_trigger: 10
2022/08/08-17:39:34.513446 3eb8          Options.level0_slowdown_writes_trigger: 20
2022/08/08-17:39:34.513470 3eb8              Options.level0_stop_writes_trigger: 40
2022/08/08-17:39:34.513494 3eb8                   Options.target_file_size_base: 67108864
2022/08/08-17:39:34.513519 3eb8             Options.target_file_size_multiplier: 1
2022/08/08-17:39:34.513543 3eb8                Options.max_bytes_for_level_base: 536870912
2022/08/08-17:39:34.513568 3eb8 Options.level_compaction_dynamic_level_bytes: 0
2022/08/08-17:39:34.513592 3eb8          Options.max_bytes_for_level_multiplier: 10.000000
2022/08/08-17:39:34.513645 3eb8 Options.max_bytes_for_level_multiplier_addtl[0]: 1
2022/08/08-17:39:34.513670 3eb8 Options.max_bytes_for_level_multiplier_addtl[1]: 1
2022/08/08-17:39:34.513694 3eb8 Options.max_bytes_for_level_multiplier_addtl[2]: 1
2022/08/08-17:39:34.513720 3eb8 Options.max_bytes_for_level_multiplier_addtl[3]: 1
2022/08/08-17:39:34.513776 3eb8 Options.max_bytes_for_level_multiplier_addtl[4]: 1
2022/08/08-17:39:34.513824 3eb8 Options.max_bytes_for_level_multiplier_addtl[5]: 1
2022/08/08-17:39:34.513852 3eb8 Options.max_bytes_for_level_multiplier_addtl[6]: 1
2022/08/08-17:39:34.513877 3eb8       Options.max_sequential_skip_in_iterations: 8
2022/08/08-17:39:34.513902 3eb8                    Options.max_compaction_bytes: 1677721600
2022/08/08-17:39:34.513927 3eb8                        Options.arena_block_size: 8388608
2022/08/08-17:39:34.513951 3eb8   Options.soft_pending_compaction_bytes_limit: 68719476736
2022/08/08-17:39:34.513977 3eb8   Options.hard_pending_compaction_bytes_limit: 274877906944
2022/08/08-17:39:34.514002 3eb8       Options.rate_limit_delay_max_milliseconds: 100
2022/08/08-17:39:34.514033 3eb8                Options.disable_auto_compactions: 0
2022/08/08-17:39:34.514067 3eb8                        Options.compaction_style: kCompactionStyleLevel
2022/08/08-17:39:34.514094 3eb8                          Options.compaction_pri: kByCompensatedSize
2022/08/08-17:39:34.514120 3eb8 Options.compaction_options_universal.size_ratio: 1
2022/08/08-17:39:34.514145 3eb8 Options.compaction_options_universal.min_merge_width: 2
2022/08/08-17:39:34.514170 3eb8 Options.compaction_options_universal.max_merge_width: 4294967295
2022/08/08-17:39:34.514196 3eb8 Options.compaction_options_universal.max_size_amplification_percent: 200
2022/08/08-17:39:34.514220 3eb8 Options.compaction_options_universal.compression_size_percent: -1
2022/08/08-17:39:34.514247 3eb8 Options.compaction_options_universal.stop_style: kCompactionStopStyleTotalSize
2022/08/08-17:39:34.514272 3eb8 Options.compaction_options_fifo.max_table_files_size: 1073741824
2022/08/08-17:39:34.514297 3eb8 Options.compaction_options_fifo.allow_compaction: 0
2022/08/08-17:39:34.514321 3eb8 Options.compaction_options_fifo.ttl: 0
2022/08/08-17:39:34.514346 3eb8                   Options.table_properties_collectors: 
2022/08/08-17:39:34.514372 3eb8                   Options.inplace_update_support: 0
2022/08/08-17:39:34.514396 3eb8                 Options.inplace_update_num_locks: 10000
2022/08/08-17:39:34.514421 3eb8               Options.memtable_prefix_bloom_size_ratio: 0.125000
2022/08/08-17:39:34.514451 3eb8   Options.memtable_huge_page_size: 0
2022/08/08-17:39:34.514477 3eb8                           Options.bloom_locality: 0
2022/08/08-17:39:34.514502 3eb8                    Options.max_successive_merges: 0
2022/08/08-17:39:34.514528 3eb8                Options.optimize_filters_for_hits: 0
2022/08/08-17:39:34.514552 3eb8                Options.paranoid_file_checks: 0
2022/08/08-17:39:34.514576 3eb8                Options.force_consistency_checks: 1
2022/08/08-17:39:34.514601 3eb8                Options.report_bg_io_stats: 0
2022/08/08-17:39:34.514626 3eb8                               Options.ttl: 0
2022/08/08-17:39:34.520588 3eb8 [db\column_family.cc:474] --------------- Options for column family [Configuration]:
2022/08/08-17:39:34.520696 3eb8               Options.comparator: leveldb.BytewiseComparator
2022/08/08-17:39:34.520744 3eb8           Options.merge_operator: StringAppendOperator
2022/08/08-17:39:34.520785 3eb8        Options.compaction_filter: None
2022/08/08-17:39:34.520825 3eb8        Options.compaction_filter_factory: None
2022/08/08-17:39:34.520865 3eb8         Options.memtable_factory: SkipListFactory
2022/08/08-17:39:34.520904 3eb8            Options.table_factory: BlockBasedTable
2022/08/08-17:39:34.521059 3eb8            table_factory options:   flush_block_policy_factory: FlushBlockBySizePolicyFactory (0000000000DC6360)
  cache_index_and_filter_blocks: 0
  cache_index_and_filter_blocks_with_high_priority: 1
  pin_l0_filter_and_index_blocks_in_cache: 1
  pin_top_level_index_and_filter: 1
  index_type: 2
  hash_index_allow_collision: 1
  checksum: 1
  no_block_cache: 0
  block_cache: 0000000000E712E0
  block_cache_name: LRUCache
  block_cache_options:
    capacity : 536870912
    num_shard_bits : 8
    strict_capacity_limit : 0
    memory_allocator : None
    high_pri_pool_ratio: 0.000
  block_cache_compressed: 0000000000000000
  persistent_cache: 0000000000000000
  block_size: 4096
  block_size_deviation: 10
  block_restart_interval: 16
  index_block_restart_interval: 1
  metadata_block_size: 8192
  partition_filters: 1
  use_delta_encoding: 1
  filter_policy: nullptr
  whole_key_filtering: 1
  verify_compression: 0
  read_amp_bytes_per_bit: 0
  format_version: 0
  enable_index_compression: 1
  block_align: 0
2022/08/08-17:39:34.521106 3eb8        Options.write_buffer_size: 67108864
2022/08/08-17:39:34.521146 3eb8  Options.max_write_buffer_number: 3
2022/08/08-17:39:34.521186 3eb8          Options.compression: Snappy
2022/08/08-17:39:34.521225 3eb8                  Options.bottommost_compression: Disabled
2022/08/08-17:39:34.521265 3eb8       Options.prefix_extractor: rocksdb.FixedPrefix.8
2022/08/08-17:39:34.521461 3eb8   Options.memtable_insert_with_hint_prefix_extractor: nullptr
2022/08/08-17:39:34.521513 3eb8             Options.num_levels: 7
2022/08/08-17:39:34.521558 3eb8        Options.min_write_buffer_number_to_merge: 1
2022/08/08-17:39:34.521598 3eb8     Options.max_write_buffer_number_to_maintain: 0
2022/08/08-17:39:34.521638 3eb8            Options.bottommost_compression_opts.window_bits: -14
2022/08/08-17:39:34.521679 3eb8                  Options.bottommost_compression_opts.level: 32767
2022/08/08-17:39:34.521719 3eb8               Options.bottommost_compression_opts.strategy: 0
2022/08/08-17:39:34.521759 3eb8         Options.bottommost_compression_opts.max_dict_bytes: 0
2022/08/08-17:39:34.521799 3eb8         Options.bottommost_compression_opts.zstd_max_train_bytes: 0
2022/08/08-17:39:34.521838 3eb8                  Options.bottommost_compression_opts.enabled: false
2022/08/08-17:39:34.521879 3eb8            Options.compression_opts.window_bits: -14
2022/08/08-17:39:34.521919 3eb8                  Options.compression_opts.level: 32767
2022/08/08-17:39:34.521958 3eb8               Options.compression_opts.strategy: 0
2022/08/08-17:39:34.521997 3eb8         Options.compression_opts.max_dict_bytes: 0
2022/08/08-17:39:34.522036 3eb8         Options.compression_opts.zstd_max_train_bytes: 0
2022/08/08-17:39:34.522075 3eb8                  Options.compression_opts.enabled: false
2022/08/08-17:39:34.522116 3eb8      Options.level0_file_num_compaction_trigger: 10
2022/08/08-17:39:34.522155 3eb8          Options.level0_slowdown_writes_trigger: 20
2022/08/08-17:39:34.522194 3eb8              Options.level0_stop_writes_trigger: 40
2022/08/08-17:39:34.522233 3eb8                   Options.target_file_size_base: 67108864
2022/08/08-17:39:34.522272 3eb8             Options.target_file_size_multiplier: 1
2022/08/08-17:39:34.522311 3eb8                Options.max_bytes_for_level_base: 536870912
2022/08/08-17:39:34.522350 3eb8 Options.level_compaction_dynamic_level_bytes: 0
2022/08/08-17:39:34.522390 3eb8          Options.max_bytes_for_level_multiplier: 10.000000
2022/08/08-17:39:34.522435 3eb8 Options.max_bytes_for_level_multiplier_addtl[0]: 1
2022/08/08-17:39:34.522483 3eb8 Options.max_bytes_for_level_multiplier_addtl[1]: 1
2022/08/08-17:39:34.522564 3eb8 Options.max_bytes_for_level_multiplier_addtl[2]: 1
2022/08/08-17:39:34.522609 3eb8 Options.max_bytes_for_level_multiplier_addtl[3]: 1
2022/08/08-17:39:34.522650 3eb8 Options.max_bytes_for_level_multiplier_addtl[4]: 1
2022/08/08-17:39:34.522763 3eb8 Options.max_bytes_for_level_multiplier_addtl[5]: 1
2022/08/08-17:39:34.522831 3eb8 Options.max_bytes_for_level_multiplier_addtl[6]: 1
2022/08/08-17:39:34.522876 3eb8       Options.max_sequential_skip_in_iterations: 8
2022/08/08-17:39:34.522916 3eb8                    Options.max_compaction_bytes: 1677721600
2022/08/08-17:39:34.522955 3eb8                        Options.arena_block_size: 8388608
2022/08/08-17:39:34.522994 3eb8   Options.soft_pending_compaction_bytes_limit: 68719476736
2022/08/08-17:39:34.523033 3eb8   Options.hard_pending_compaction_bytes_limit: 274877906944
2022/08/08-17:39:34.523073 3eb8       Options.rate_limit_delay_max_milliseconds: 100
2022/08/08-17:39:34.523111 3eb8                Options.disable_auto_compactions: 0
2022/08/08-17:39:34.523154 3eb8                        Options.compaction_style: kCompactionStyleLevel
2022/08/08-17:39:34.523194 3eb8                          Options.compaction_pri: kByCompensatedSize
2022/08/08-17:39:34.523231 3eb8 Options.compaction_options_universal.size_ratio: 1
2022/08/08-17:39:34.523268 3eb8 Options.compaction_options_universal.min_merge_width: 2
2022/08/08-17:39:34.523304 3eb8 Options.compaction_options_universal.max_merge_width: 4294967295
2022/08/08-17:39:34.523341 3eb8 Options.compaction_options_universal.max_size_amplification_percent: 200
2022/08/08-17:39:34.523379 3eb8 Options.compaction_options_universal.compression_size_percent: -1
2022/08/08-17:39:34.523418 3eb8 Options.compaction_options_universal.stop_style: kCompactionStopStyleTotalSize
2022/08/08-17:39:34.523985 3eb8 Options.compaction_options_fifo.max_table_files_size: 1073741824
2022/08/08-17:39:34.524066 3eb8 Options.compaction_options_fifo.allow_compaction: 0
2022/08/08-17:39:34.524107 3eb8 Options.compaction_options_fifo.ttl: 0
2022/08/08-17:39:34.524143 3eb8                   Options.table_properties_collectors: 
2022/08/08-17:39:34.524179 3eb8                   Options.inplace_update_support: 0
2022/08/08-17:39:34.524215 3eb8                 Options.inplace_update_num_locks: 10000
2022/08/08-17:39:34.524255 3eb8               Options.memtable_prefix_bloom_size_ratio: 0.125000
2022/08/08-17:39:34.524305 3eb8   Options.memtable_huge_page_size: 0
2022/08/08-17:39:34.524360 3eb8                           Options.bloom_locality: 0
2022/08/08-17:39:34.524402 3eb8                    Options.max_successive_merges: 0
2022/08/08-17:39:34.524440 3eb8                Options.optimize_filters_for_hits: 0
2022/08/08-17:39:34.524486 3eb8                Options.paranoid_file_checks: 0
2022/08/08-17:39:34.524523 3eb8                Options.force_consistency_checks: 1
2022/08/08-17:39:34.524558 3eb8                Options.report_bg_io_stats: 0
2022/08/08-17:39:34.524593 3eb8                               Options.ttl: 0
2022/08/08-17:39:34.557748 3eb8 [db\version_set.cc:3724] Recovered from manifest file:D:\code_space\LearnSpringCloud\HeiMaCourse\cloud-demo\nacos_cluster\nacos1\data\protocol\raft\naming_persistent_service\log/MANIFEST-000006 succeeded,manifest_file_number is 6, next_file_number is 8, last_sequence is 0, log_number is 0,prev_log_number is 0,max_column_family is 1,min_log_number_to_keep is 0
2022/08/08-17:39:34.557849 3eb8 [db\version_set.cc:3732] Column family [default] (ID 0), log number is 4
2022/08/08-17:39:34.557899 3eb8 [db\version_set.cc:3732] Column family [Configuration] (ID 1), log number is 4
2022/08/08-17:39:34.558952 3eb8 EVENT_LOG_v1 {"time_micros": 1659951574558806, "job": 1, "event": "recovery_started", "log_files": [7]}
2022/08/08-17:39:34.559048 3eb8 [db\db_impl_open.cc:578] Recovering log #7 mode 2
2022/08/08-17:39:34.559626 3eb8 [db\version_set.cc:3037] Creating manifest 9
2022/08/08-17:39:34.570391 3eb8 EVENT_LOG_v1 {"time_micros": 1659951574570362, "job": 1, "event": "recovery_finished"}
2022/08/08-17:39:34.595632 3eb8 [db\db_impl_open.cc:1314] DB pointer 0000000026F804D0
2022/08/08-17:39:34.598243 620 [WARN] [db\db_impl.cc:669] ------- DUMPING STATS -------
2022/08/08-17:39:34.598343 620 [WARN] [db\db_impl.cc:670] 
** DB Stats **
Uptime(secs): 0.1 total, 0.1 interval
Cumulative writes: 0 writes, 0 keys, 0 commit groups, 0.0 writes per commit group, ingest: 0.00 GB, 0.00 MB/s
Cumulative WAL: 0 writes, 0 syncs, 0.00 writes per sync, written: 0.00 GB, 0.00 MB/s
Cumulative stall: 00:00:0.000 H:M:S, 0.0 percent
Interval writes: 0 writes, 0 keys, 0 commit groups, 0.0 writes per commit group, ingest: 0.00 MB, 0.00 MB/s
Interval WAL: 0 writes, 0 syncs, 0.00 writes per sync, written: 0.00 MB, 0.00 MB/s
Interval stall: 00:00:0.000 H:M:S, 0.0 percent

** Compaction Stats [default] **
Level    Files   Size     Score Read(GB)  Rn(GB) Rnp1(GB) Write(GB) Wnew(GB) Moved(GB) W-Amp Rd(MB/s) Wr(MB/s) Comp(sec) Comp(cnt) Avg(sec) KeyIn KeyDrop
----------------------------------------------------------------------------------------------------------------------------------------------------------
 Sum      0/0    0.00 KB   0.0      0.0     0.0      0.0       0.0      0.0       0.0   0.0      0.0      0.0         0         0    0.000       0      0
 Int      0/0    0.00 KB   0.0      0.0     0.0      0.0       0.0      0.0       0.0   0.0      0.0      0.0         0         0    0.000       0      0
Uptime(secs): 0.1 total, 0.1 interval
Flush(GB): cumulative 0.000, interval 0.000
AddFile(GB): cumulative 0.000, interval 0.000
AddFile(Total Files): cumulative 0, interval 0
AddFile(L0 Files): cumulative 0, interval 0
AddFile(Keys): cumulative 0, interval 0
Cumulative compaction: 0.00 GB write, 0.00 MB/s write, 0.00 GB read, 0.00 MB/s read, 0.0 seconds
Interval compaction: 0.00 GB write, 0.00 MB/s write, 0.00 GB read, 0.00 MB/s read, 0.0 seconds
Stalls(count): 0 level0_slowdown, 0 level0_slowdown_with_compaction, 0 level0_numfiles, 0 level0_numfiles_with_compaction, 0 stop for pending_compaction_bytes, 0 slowdown for pending_compaction_bytes, 0 memtable_compaction, 0 memtable_slowdown, interval 0 total count

** File Read Latency Histogram By Level [default] **

** Compaction Stats [Configuration] **
Level    Files   Size     Score Read(GB)  Rn(GB) Rnp1(GB) Write(GB) Wnew(GB) Moved(GB) W-Amp Rd(MB/s) Wr(MB/s) Comp(sec) Comp(cnt) Avg(sec) KeyIn KeyDrop
----------------------------------------------------------------------------------------------------------------------------------------------------------
 Sum      0/0    0.00 KB   0.0      0.0     0.0      0.0       0.0      0.0       0.0   0.0      0.0      0.0         0         0    0.000       0      0
 Int      0/0    0.00 KB   0.0      0.0     0.0      0.0       0.0      0.0       0.0   0.0      0.0      0.0         0         0    0.000       0      0
Uptime(secs): 0.1 total, 0.1 interval
Flush(GB): cumulative 0.000, interval 0.000
AddFile(GB): cumulative 0.000, interval 0.000
AddFile(Total Files): cumulative 0, interval 0
AddFile(L0 Files): cumulative 0, interval 0
AddFile(Keys): cumulative 0, interval 0
Cumulative compaction: 0.00 GB write, 0.00 MB/s write, 0.00 GB read, 0.00 MB/s read, 0.0 seconds
Interval compaction: 0.00 GB write, 0.00 MB/s write, 0.00 GB read, 0.00 MB/s read, 0.0 seconds
Stalls(count): 0 level0_slowdown, 0 level0_slowdown_with_compaction, 0 level0_numfiles, 0 level0_numfiles_with_compaction, 0 stop for pending_compaction_bytes, 0 slowdown for pending_compaction_bytes, 0 memtable_compaction, 0 memtable_slowdown, interval 0 total count

** File Read Latency Histogram By Level [Configuration] **

** Compaction Stats [default] **
Level    Files   Size     Score Read(GB)  Rn(GB) Rnp1(GB) Write(GB) Wnew(GB) Moved(GB) W-Amp Rd(MB/s) Wr(MB/s) Comp(sec) Comp(cnt) Avg(sec) KeyIn KeyDrop
----------------------------------------------------------------------------------------------------------------------------------------------------------
 Sum      0/0    0.00 KB   0.0      0.0     0.0      0.0       0.0      0.0       0.0   0.0      0.0      0.0         0         0    0.000       0      0
 Int      0/0    0.00 KB   0.0      0.0     0.0      0.0       0.0      0.0       0.0   0.0      0.0      0.0         0         0    0.000       0      0
Uptime(secs): 0.1 total, 0.0 interval
Flush(GB): cumulative 0.000, interval 0.000
AddFile(GB): cumulative 0.000, interval 0.000
AddFile(Total Files): cumulative 0, interval 0
AddFile(L0 Files): cumulative 0, interval 0
AddFile(Keys): cumulative 0, interval 0
Cumulative compaction: 0.00 GB write, 0.00 MB/s write, 0.00 GB read, 0.00 MB/s read, 0.0 seconds
Interval compaction: 0.00 GB write, 0.00 MB/s write, 0.00 GB read, 0.00 MB/s read, 0.0 seconds
Stalls(count): 0 level0_slowdown, 0 level0_slowdown_with_compaction, 0 level0_numfiles, 0 level0_numfiles_with_compaction, 0 stop for pending_compaction_bytes, 0 slowdown for pending_compaction_bytes, 0 memtable_compaction, 0 memtable_slowdown, interval 0 total count

** File Read Latency Histogram By Level [default] **

** Compaction Stats [Configuration] **
Level    Files   Size     Score Read(GB)  Rn(GB) Rnp1(GB) Write(GB) Wnew(GB) Moved(GB) W-Amp Rd(MB/s) Wr(MB/s) Comp(sec) Comp(cnt) Avg(sec) KeyIn KeyDrop
----------------------------------------------------------------------------------------------------------------------------------------------------------
 Sum      0/0    0.00 KB   0.0      0.0     0.0      0.0       0.0      0.0       0.0   0.0      0.0      0.0         0         0    0.000       0      0
 Int      0/0    0.00 KB   0.0      0.0     0.0      0.0       0.0      0.0       0.0   0.0      0.0      0.0         0         0    0.000       0      0
Uptime(secs): 0.1 total, 0.0 interval
Flush(GB): cumulative 0.000, interval 0.000
AddFile(GB): cumulative 0.000, interval 0.000
AddFile(Total Files): cumulative 0, interval 0
AddFile(L0 Files): cumulative 0, interval 0
AddFile(Keys): cumulative 0, interval 0
Cumulative compaction: 0.00 GB write, 0.00 MB/s write, 0.00 GB read, 0.00 MB/s read, 0.0 seconds
Interval compaction: 0.00 GB write, 0.00 MB/s write, 0.00 GB read, 0.00 MB/s read, 0.0 seconds
Stalls(count): 0 level0_slowdown, 0 level0_slowdown_with_compaction, 0 level0_numfiles, 0 level0_numfiles_with_compaction, 0 stop for pending_compaction_bytes, 0 slowdown for pending_compaction_bytes, 0 memtable_compaction, 0 memtable_slowdown, interval 0 total count

** File Read Latency Histogram By Level [Configuration] **
2022/08/08-17:39:34.599729 620 [WARN] [db\db_impl.cc:617] STATISTICS:
 rocksdb.block.cache.miss COUNT : 0
rocksdb.block.cache.hit COUNT : 0
rocksdb.block.cache.add COUNT : 0
rocksdb.block.cache.add.failures COUNT : 0
rocksdb.block.cache.index.miss COUNT : 0
rocksdb.block.cache.index.hit COUNT : 0
rocksdb.block.cache.index.add COUNT : 0
rocksdb.block.cache.index.bytes.insert COUNT : 0
rocksdb.block.cache.index.bytes.evict COUNT : 0
rocksdb.block.cache.filter.miss COUNT : 0
rocksdb.block.cache.filter.hit COUNT : 0
rocksdb.block.cache.filter.add COUNT : 0
rocksdb.block.cache.filter.bytes.insert COUNT : 0
rocksdb.block.cache.filter.bytes.evict COUNT : 0
rocksdb.block.cache.data.miss COUNT : 0
rocksdb.block.cache.data.hit COUNT : 0
rocksdb.block.cache.data.add COUNT : 0
rocksdb.block.cache.data.bytes.insert COUNT : 0
rocksdb.block.cache.bytes.read COUNT : 0
rocksdb.block.cache.bytes.write COUNT : 0
rocksdb.bloom.filter.useful COUNT : 0
rocksdb.bloom.filter.full.positive COUNT : 0
rocksdb.bloom.filter.full.true.positive COUNT : 0
rocksdb.persistent.cache.hit COUNT : 0
rocksdb.persistent.cache.miss COUNT : 0
rocksdb.sim.block.cache.hit COUNT : 0
rocksdb.sim.block.cache.miss COUNT : 0
rocksdb.memtable.hit COUNT : 0
rocksdb.memtable.miss COUNT : 0
rocksdb.l0.hit COUNT : 0
rocksdb.l1.hit COUNT : 0
rocksdb.l2andup.hit COUNT : 0
rocksdb.compaction.key.drop.new COUNT : 0
rocksdb.compaction.key.drop.obsolete COUNT : 0
rocksdb.compaction.key.drop.range_del COUNT : 0
rocksdb.compaction.key.drop.user COUNT : 0
rocksdb.compaction.range_del.drop.obsolete COUNT : 0
rocksdb.compaction.optimized.del.drop.obsolete COUNT : 0
rocksdb.compaction.cancelled COUNT : 0
rocksdb.number.keys.written COUNT : 0
rocksdb.number.keys.read COUNT : 0
rocksdb.number.keys.updated COUNT : 0
rocksdb.bytes.written COUNT : 0
rocksdb.bytes.read COUNT : 0
rocksdb.number.db.seek COUNT : 0
rocksdb.number.db.next COUNT : 0
rocksdb.number.db.prev COUNT : 0
rocksdb.number.db.seek.found COUNT : 0
rocksdb.number.db.next.found COUNT : 0
rocksdb.number.db.prev.found COUNT : 0
rocksdb.db.iter.bytes.read COUNT : 0
rocksdb.no.file.closes COUNT : 0
rocksdb.no.file.opens COUNT : 0
rocksdb.no.file.errors COUNT : 0
rocksdb.l0.slowdown.micros COUNT : 0
rocksdb.memtable.compaction.micros COUNT : 0
rocksdb.l0.num.files.stall.micros COUNT : 0
rocksdb.stall.micros COUNT : 0
rocksdb.db.mutex.wait.micros COUNT : 0
rocksdb.rate.limit.delay.millis COUNT : 0
rocksdb.num.iterators COUNT : 0
rocksdb.number.multiget.get COUNT : 0
rocksdb.number.multiget.keys.read COUNT : 0
rocksdb.number.multiget.bytes.read COUNT : 0
rocksdb.number.deletes.filtered COUNT : 0
rocksdb.number.merge.failures COUNT : 0
rocksdb.bloom.filter.prefix.checked COUNT : 0
rocksdb.bloom.filter.prefix.useful COUNT : 0
rocksdb.number.reseeks.iteration COUNT : 0
rocksdb.getupdatessince.calls COUNT : 0
rocksdb.block.cachecompressed.miss COUNT : 0
rocksdb.block.cachecompressed.hit COUNT : 0
rocksdb.block.cachecompressed.add COUNT : 0
rocksdb.block.cachecompressed.add.failures COUNT : 0
rocksdb.wal.synced COUNT : 0
rocksdb.wal.bytes COUNT : 0
rocksdb.write.self COUNT : 0
rocksdb.write.other COUNT : 0
rocksdb.write.timeout COUNT : 0
rocksdb.write.wal COUNT : 0
rocksdb.compact.read.bytes COUNT : 0
rocksdb.compact.write.bytes COUNT : 0
rocksdb.flush.write.bytes COUNT : 0
rocksdb.number.direct.load.table.properties COUNT : 0
rocksdb.number.superversion_acquires COUNT : 0
rocksdb.number.superversion_releases COUNT : 0
rocksdb.number.superversion_cleanups COUNT : 0
rocksdb.number.block.compressed COUNT : 0
rocksdb.number.block.decompressed COUNT : 0
rocksdb.number.block.not_compressed COUNT : 0
rocksdb.merge.operation.time.nanos COUNT : 0
rocksdb.filter.operation.time.nanos COUNT : 0
rocksdb.row.cache.hit COUNT : 0
rocksdb.row.cache.miss COUNT : 0
rocksdb.read.amp.estimate.useful.bytes COUNT : 0
rocksdb.read.amp.total.read.bytes COUNT : 0
rocksdb.number.rate_limiter.drains COUNT : 0
rocksdb.number.iter.skip COUNT : 0
rocksdb.blobdb.num.put COUNT : 0
rocksdb.blobdb.num.write COUNT : 0
rocksdb.blobdb.num.get COUNT : 0
rocksdb.blobdb.num.multiget COUNT : 0
rocksdb.blobdb.num.seek COUNT : 0
rocksdb.blobdb.num.next COUNT : 0
rocksdb.blobdb.num.prev COUNT : 0
rocksdb.blobdb.num.keys.written COUNT : 0
rocksdb.blobdb.num.keys.read COUNT : 0
rocksdb.blobdb.bytes.written COUNT : 0
rocksdb.blobdb.bytes.read COUNT : 0
rocksdb.blobdb.write.inlined COUNT : 0
rocksdb.blobdb.write.inlined.ttl COUNT : 0
rocksdb.blobdb.write.blob COUNT : 0
rocksdb.blobdb.write.blob.ttl COUNT : 0
rocksdb.blobdb.blob.file.bytes.written COUNT : 0
rocksdb.blobdb.blob.file.bytes.read COUNT : 0
rocksdb.blobdb.blob.file.synced COUNT : 0
rocksdb.blobdb.blob.index.expired.count COUNT : 0
rocksdb.blobdb.blob.index.expired.size COUNT : 0
rocksdb.blobdb.blob.index.evicted.count COUNT : 0
rocksdb.blobdb.blob.index.evicted.size COUNT : 0
rocksdb.blobdb.gc.num.files COUNT : 0
rocksdb.blobdb.gc.num.new.files COUNT : 0
rocksdb.blobdb.gc.failures COUNT : 0
rocksdb.blobdb.gc.num.keys.overwritten COUNT : 0
rocksdb.blobdb.gc.num.keys.expired COUNT : 0
rocksdb.blobdb.gc.num.keys.relocated COUNT : 0
rocksdb.blobdb.gc.bytes.overwritten COUNT : 0
rocksdb.blobdb.gc.bytes.expired COUNT : 0
rocksdb.blobdb.gc.bytes.relocated COUNT : 0
rocksdb.blobdb.fifo.num.files.evicted COUNT : 0
rocksdb.blobdb.fifo.num.keys.evicted COUNT : 0
rocksdb.blobdb.fifo.bytes.evicted COUNT : 0
rocksdb.txn.overhead.mutex.prepare COUNT : 0
rocksdb.txn.overhead.mutex.old.commit.map COUNT : 0
rocksdb.txn.overhead.duplicate.key COUNT : 0
rocksdb.txn.overhead.mutex.snapshot COUNT : 0
rocksdb.number.multiget.keys.found COUNT : 0
rocksdb.num.iterator.created COUNT : 0
rocksdb.num.iterator.deleted COUNT : 0
rocksdb.db.get.micros P50 : 0.000000 P95 : 0.000000 P99 : 0.000000 P100 : 0.000000 COUNT : 0 SUM : 0
rocksdb.db.write.micros P50 : 0.000000 P95 : 0.000000 P99 : 0.000000 P100 : 0.000000 COUNT : 0 SUM : 0
rocksdb.compaction.times.micros P50 : 0.000000 P95 : 0.000000 P99 : 0.000000 P100 : 0.000000 COUNT : 0 SUM : 0
rocksdb.subcompaction.setup.times.micros P50 : 0.000000 P95 : 0.000000 P99 : 0.000000 P100 : 0.000000 COUNT : 0 SUM : 0
rocksdb.table.sync.micros P50 : 0.000000 P95 : 0.000000 P99 : 0.000000 P100 : 0.000000 COUNT : 0 SUM : 0
rocksdb.compaction.outfile.sync.micros P50 : 0.000000 P95 : 0.000000 P99 : 0.000000 P100 : 0.000000 COUNT : 0 SUM : 0
rocksdb.wal.file.sync.micros P50 : 0.000000 P95 : 0.000000 P99 : 0.000000 P100 : 0.000000 COUNT : 0 SUM : 0
rocksdb.manifest.file.sync.micros P50 : 1600.000000 P95 : 1675.000000 P99 : 1675.000000 P100 : 1675.000000 COUNT : 2 SUM : 3068
rocksdb.table.open.io.micros P50 : 0.000000 P95 : 0.000000 P99 : 0.000000 P100 : 0.000000 COUNT : 0 SUM : 0
rocksdb.db.multiget.micros P50 : 0.000000 P95 : 0.000000 P99 : 0.000000 P100 : 0.000000 COUNT : 0 SUM : 0
rocksdb.read.block.compaction.micros P50 : 0.000000 P95 : 0.000000 P99 : 0.000000 P100 : 0.000000 COUNT : 0 SUM : 0
rocksdb.read.block.get.micros P50 : 0.000000 P95 : 0.000000 P99 : 0.000000 P100 : 0.000000 COUNT : 0 SUM : 0
rocksdb.write.raw.block.micros P50 : 0.000000 P95 : 0.000000 P99 : 0.000000 P100 : 0.000000 COUNT : 0 SUM : 0
rocksdb.l0.slowdown.count P50 : 0.000000 P95 : 0.000000 P99 : 0.000000 P100 : 0.000000 COUNT : 0 SUM : 0
rocksdb.memtable.compaction.count P50 : 0.000000 P95 : 0.000000 P99 : 0.000000 P100 : 0.000000 COUNT : 0 SUM : 0
rocksdb.num.files.stall.count P50 : 0.000000 P95 : 0.000000 P99 : 0.000000 P100 : 0.000000 COUNT : 0 SUM : 0
rocksdb.hard.rate.limit.delay.count P50 : 0.000000 P95 : 0.000000 P99 : 0.000000 P100 : 0.000000 COUNT : 0 SUM : 0
rocksdb.soft.rate.limit.delay.count P50 : 0.000000 P95 : 0.000000 P99 : 0.000000 P100 : 0.000000 COUNT : 0 SUM : 0
rocksdb.numfiles.in.singlecompaction P50 : 0.000000 P95 : 0.000000 P99 : 0.000000 P100 : 0.000000 COUNT : 0 SUM : 0
rocksdb.db.seek.micros P50 : 0.000000 P95 : 0.000000 P99 : 0.000000 P100 : 0.000000 COUNT : 0 SUM : 0
rocksdb.db.write.stall P50 : 0.000000 P95 : 0.000000 P99 : 0.000000 P100 : 0.000000 COUNT : 0 SUM : 0
rocksdb.sst.read.micros P50 : 0.000000 P95 : 0.000000 P99 : 0.000000 P100 : 0.000000 COUNT : 0 SUM : 0
rocksdb.num.subcompactions.scheduled P50 : 0.000000 P95 : 0.000000 P99 : 0.000000 P100 : 0.000000 COUNT : 0 SUM : 0
rocksdb.bytes.per.read P50 : 0.000000 P95 : 0.000000 P99 : 0.000000 P100 : 0.000000 COUNT : 0 SUM : 0
rocksdb.bytes.per.write P50 : 0.000000 P95 : 0.000000 P99 : 0.000000 P100 : 0.000000 COUNT : 0 SUM : 0
rocksdb.bytes.per.multiget P50 : 0.000000 P95 : 0.000000 P99 : 0.000000 P100 : 0.000000 COUNT : 0 SUM : 0
rocksdb.bytes.compressed P50 : 0.000000 P95 : 0.000000 P99 : 0.000000 P100 : 0.000000 COUNT : 0 SUM : 0
rocksdb.bytes.decompressed P50 : 0.000000 P95 : 0.000000 P99 : 0.000000 P100 : 0.000000 COUNT : 0 SUM : 0
rocksdb.compression.times.nanos P50 : 0.000000 P95 : 0.000000 P99 : 0.000000 P100 : 0.000000 COUNT : 0 SUM : 0
rocksdb.decompression.times.nanos P50 : 0.000000 P95 : 0.000000 P99 : 0.000000 P100 : 0.000000 COUNT : 0 SUM : 0
rocksdb.read.num.merge_operands P50 : 0.000000 P95 : 0.000000 P99 : 0.000000 P100 : 0.000000 COUNT : 0 SUM : 0
rocksdb.blobdb.key.size P50 : 0.000000 P95 : 0.000000 P99 : 0.000000 P100 : 0.000000 COUNT : 0 SUM : 0
rocksdb.blobdb.value.size P50 : 0.000000 P95 : 0.000000 P99 : 0.000000 P100 : 0.000000 COUNT : 0 SUM : 0
rocksdb.blobdb.write.micros P50 : 0.000000 P95 : 0.000000 P99 : 0.000000 P100 : 0.000000 COUNT : 0 SUM : 0
rocksdb.blobdb.get.micros P50 : 0.000000 P95 : 0.000000 P99 : 0.000000 P100 : 0.000000 COUNT : 0 SUM : 0
rocksdb.blobdb.multiget.micros P50 : 0.000000 P95 : 0.000000 P99 : 0.000000 P100 : 0.000000 COUNT : 0 SUM : 0
rocksdb.blobdb.seek.micros P50 : 0.000000 P95 : 0.000000 P99 : 0.000000 P100 : 0.000000 COUNT : 0 SUM : 0
rocksdb.blobdb.next.micros P50 : 0.000000 P95 : 0.000000 P99 : 0.000000 P100 : 0.000000 COUNT : 0 SUM : 0
rocksdb.blobdb.prev.micros P50 : 0.000000 P95 : 0.000000 P99 : 0.000000 P100 : 0.000000 COUNT : 0 SUM : 0
rocksdb.blobdb.blob.file.write.micros P50 : 0.000000 P95 : 0.000000 P99 : 0.000000 P100 : 0.000000 COUNT : 0 SUM : 0
rocksdb.blobdb.blob.file.read.micros P50 : 0.000000 P95 : 0.000000 P99 : 0.000000 P100 : 0.000000 COUNT : 0 SUM : 0
rocksdb.blobdb.blob.file.sync.micros P50 : 0.000000 P95 : 0.000000 P99 : 0.000000 P100 : 0.000000 COUNT : 0 SUM : 0
rocksdb.blobdb.gc.micros P50 : 0.000000 P95 : 0.000000 P99 : 0.000000 P100 : 0.000000 COUNT : 0 SUM : 0
rocksdb.blobdb.compression.micros P50 : 0.000000 P95 : 0.000000 P99 : 0.000000 P100 : 0.000000 COUNT : 0 SUM : 0
rocksdb.blobdb.decompression.micros P50 : 0.000000 P95 : 0.000000 P99 : 0.000000 P100 : 0.000000 COUNT : 0 SUM : 0
